0 0
0.01 5.21674e-22
0.02 1.39694e-21
0.03 3.70353e-21
0.04 9.72099e-21
0.05 2.52616e-20
0.06 6.49935e-20
0.07 1.65552e-19
0.08 4.17501e-19
0.09 1.04241e-18
0.1 2.57676e-18
0.11 6.30619e-18
0.12 1.52798e-17
0.13 3.66543e-17
0.14 8.70543e-17
0.15 2.04697e-16
0.16 4.7653e-16
0.17 1.09831e-15
0.18 2.50622e-15
0.19 5.662e-15
0.2 1.26642e-14
0.21 2.8044e-14
0.22 6.1484e-14
0.23 1.33457e-13
0.24 2.86798e-13
0.25 6.10194e-13
0.26 1.28534e-12
0.27 2.68055e-12
0.28 5.53461e-12
0.29 1.13138e-11
0.3 2.28973e-11
0.31 4.58796e-11
0.32 9.10147e-11
0.33 1.78756e-10
0.34 3.47589e-10
0.35 6.69159e-10
0.36 1.27541e-09
0.37 2.40672e-09
0.38 4.49635e-09
0.39 8.3167e-09
0.4 1.523e-08
0.41 2.76124e-08
0.42 4.9564e-08
0.43 8.80816e-08
0.44 1.54975e-07
0.45 2.69956e-07
0.46 4.65567e-07
0.47 7.94926e-07
0.48 1.34378e-06
0.49 2.24895e-06
0.5 3.72638e-06
0.51 6.11284e-06
0.52 9.92761e-06
0.53 1.5962e-05
0.54 2.54073e-05
0.55 4.0036e-05
0.56 6.24514e-05
0.57 9.64292e-05
0.58 0.000147372
0.59 0.0002229
0.6 0.000333602
0.61 0.000493952
0.62 0.000723374
0.63 0.00104741
0.64 0.0014989
0.65 0.00211891
0.66 0.00295724
0.67 0.00407211
0.68 0.00552869
0.69 0.00739631
0.7 0.00974428
0.71 0.012637
0.72 0.0161288
0.73 0.0202601
0.74 0.0250549
0.75 0.0305203
0.76 0.0366486
0.77 0.0434196
0.78 0.050804
0.79 0.058767
0.8 0.0672702
0.81 0.0762747
0.82 0.0857418
0.83 0.0956345
0.84 0.105918
0.85 0.11656
0.86 0.127531
0.87 0.138803
0.88 0.150351
0.89 0.162153
0.9 0.174189
0.91 0.186439
0.92 0.198887
0.93 0.211517
0.94 0.224316
0.95 0.237271
0.96 0.25037
0.97 0.263602
0.98 0.276958
0.99 0.290429
1 0.304006
1.01 0.317683
1.02 0.331451
1.03 0.345305
1.04 0.359238
1.05 0.373245
1.06 0.387321
1.07 0.401459
1.08 0.415657
1.09 0.429909
1.1 0.444211
1.11 0.458559
1.12 0.472949
1.13 0.487378
1.14 0.501842
1.15 0.516338
1.16 0.530862
1.17 0.545411
1.18 0.559982
1.19 0.574571
1.2 0.589176
1.21 0.603793
1.22 0.618419
1.23 0.633052
1.24 0.647687
1.25 0.662321
1.26 0.676951
1.27 0.691569
1.28 0.698289
1.29 0.180764
1.3 0.0172725
1.31 0.00980233
1.32 0.00678508
1.33 0.004732
1.34 0.00329965
1.35 0.00229385
1.36 0.00158676
1.37 0.00109073
1.38 0.000744326
1.39 0.000503891
1.4 0.000338225
1.41 0.000225007
1.42 0.000148313
1.43 9.68415e-05
1.44 6.26283e-05
1.45 4.01104e-05
1.46 2.5438e-05
1.47 1.59743e-05
1.48 9.9325e-06
1.49 6.11473e-06
1.5 3.7271e-06
1.51 2.24922e-06
1.52 1.34387e-06
1.53 7.94961e-07
1.54 4.65579e-07
1.55 2.6996e-07
1.56 1.54976e-07
1.57 8.80821e-08
1.58 4.95641e-08
1.59 2.76125e-08
1.6 1.523e-08
1.61 8.31671e-09
1.62 4.49635e-09
1.63 2.40672e-09
1.64 1.27541e-09
1.65 6.69159e-10
1.66 3.47589e-10
1.67 1.78756e-10
1.68 9.10147e-11
1.69 4.58796e-11
1.7 2.28973e-11
1.71 1.13138e-11
1.72 5.53461e-12
1.73 2.68055e-12
1.74 1.28534e-12
1.75 6.10194e-13
1.76 2.86798e-13
1.77 1.33457e-13
1.78 6.1484e-14
1.79 2.8044e-14
1.8 1.26642e-14
1.81 5.662e-15
1.82 2.50622e-15
1.83 1.09831e-15
1.84 4.7653e-16
1.85 2.04697e-16
1.86 8.70543e-17
1.87 3.66543e-17
1.88 1.52798e-17
1.89 6.30619e-18
1.9 2.57676e-18
1.91 1.04241e-18
1.92 4.17501e-19
1.93 1.65552e-19
1.94 6.49935e-20
1.95 2.52616e-20
1.96 9.72099e-21
1.97 3.70353e-21
1.98 1.39694e-21
1.99 5.21674e-22
2 0
